- 4444. 111. 44 4444444. 4444444444. 444

114444. 24 344 4144444 4444444 34444 444444444444 444 3444 3434444444 443
443444 34444 444444 3144444 (3444444344). 114344 344 2144444444 44444444 444 =
344444344 4. 44 314 64414344 344 344 &Q 4444 3443444444 344 ς41444444444444.

2. 3344444144ιί4 344 2444444444 44 344 2434443444.

“ 2444444444 444 344444 4344444444 443 4444414444 3344434424911
,443 444444 443 441444 4444 4444 44444 34443. zebud) 44 44 4444414
4444 444 33444344 444 4444434444 443 (4. 4. 244, 2.), 44 344434
44444443, 34444 3444444444 4344 3444444444 444 3444444444, 44343444 =
44 4343444444 44 44444444. 3444444444) 4443444 444444 3444444444,
4441444 444 4444444444 444 44444344 34444444, 443 34444 343444444 ³
444 3444441444 4444444444 44444 44444344 444444444444444 3444444444
4444 4344434 44444. 344344 4444444444 3414443444434414144 44444 344
§- 227, 24. 5, 443 4. 248, 1. 4414444144 2434444444. &ie 41434

ante, 4444, 4444 4444, 4444 post, pone, 444444, 4443 4414

, 44413. 444, 44444.
Anto 41 pone moveri, 044. 444444. 13, extr. Post me 4444 Aegina, 44444

Megara, 044. Fam. 4, 5, 4. &o 4444 ante, 444 (34444444 344 retro. 4444444
411144,44444·444·4. 0443444312.

prope, 4444· 44 443 444 344 procul,¹ 4414,’ 44 443 443 344
24444, 44 344 43444. 34444, 44 344 344441). .

Pronunciari jubet, ut procul 441444444444441, 4444 propius 44444444. caes.
B. G. 5, 34.

juxta, 4114 &cites 34114341, 4. 38. juxta consistere ²),
444444, -444 344 4444464414, , supra, 444 344 43444 &cites —
41444114 4. 34. infra scripsi. oben3 3.ffi.supr4d1xi.
’ 44144,344344443.· ultra, 44444443.

13 4 444 3443 444 4414344344 4444444444 443 444 344 444 3444 3143443441
4344444344 434444.

1) 41144 3444441344 34444444, 4444 4441444444 344 2344444444 prope 44 3444 4444444444 444 ’
4444444 44443, 1444 444 4444 pro ocul 3444 44444444. 134434 4443444 4444 4444441 44444 414 44444
4444444444444 44444 44444444444344414444444444, 4 43 prope 443444 4434 444 pe 44 443444. pro·
441 urbe 443 444441 ab 4434 44344444444144 344 4134434444 44444 4444444444, 344 43444
44444 4443 4444444 41444,444444 4444 3444441, 44444 3444 314444144444144 4444 ad, 4444441444
4344 44443 44 4444 441444 344 4444444444444 ab, ex, adst 44, 44 43 4443443441, 4444 344444344444434
mumma 11ἇ414141141444114111111, mie: 44444 a mari superooRmam procfiises, acimaas, 132,
4444444 ex 44144444 syria atque Aegypto navigare, G. Vm. 3, 644, 1573 usquead castra hostium
accensit,0aes.11.4; 441,4444444444444144441444444444444ο.144.4444.14,44;44444

r 4444 extrem mum bru 44444 imbrem. 244144) usque 44444 444 44414 dines deductus est.- 341114) bie 2434 ’
444344 4144444444444, palam, 4444414444, 44,4444 1144444444, 4434444444, simul, 444244), 4444
3414 4444 414444 4444444444 4444 34444 3144414 41414444, 443 4444444444 44 441344 444444444444
414 44444444444444 elam 444144 344 3444 4444444414 4444 4444 3444 4144444444, 443 344 41144444
nero. 1, 1, 43 444) 4444 3444 (3444444. ,

2) Juxta, 414 1134443, 34444 44444 4444 4444444, 444 4144444 2444444, 3. 4., 44 344 3414
&ine 1143411 34111 34134411 444344 4. ae. eorum 4444444 mortemque Juxta 4444444444. Suu. out. 2.

 

