1

1111111111 1111111111 111 1111111111 11

2) &attunge 1111 (11111111ιιιι1,Ν111111 1111111ιί11,Ι

1..1) 11111, ι1 1111111 1111 1111111 1111 &adae 11111 11111
1111111111 111 11 ι1111 (1111111 1111111 1111111111 11111, 111 1111111),
11111,1111,1111,111)111. . ’

1111111111 1111) (1111111111 11111111111111111111 obet &athen 11
11111 1111 111) 11111111 11 tinet 1111111111. 1. (111111 11111111111111,
111111 111 6111111 1. 1. 1. 111111 1111) 111 1111111111 111111 ste 111111
11111 11 1111 11111111, 111 111111 111111, 111 11111111111111111111,
11) 1111111111. - 1111111) 111111 111111 11111ι1 11111 111 betete (1111111,
1111111 111111 1111 1111, 11 1111 111) 1111111 111 (1111111111 1111
1111 1111 (111111111111. menn 111111 1111111111111111 11111111 111
11111 11111111 11111 11111 11111111, 1111 1111 (11111 11111111 1111111,
111111111111111111111, 1111 111 (11111111111 1111111111, hee
111111 1111111111111111111111 1111111111 (11111111111111 11111111, 1111
1111111) 11111111 11111111111111111111 1111611111 1111111111, 11111111
111111 11111111 11111 111 Nomen proprium 1111111111 (1111111111 111111
111111ῐί11111 (11111111αῇ1 1111111111) 1. 18. Sint Maeeenatee non deerunt,
111111,Ι(αι·1111; 111 Maecenates 11 1111111111 1111111111 111 1111111111

ι 1111111111, 1111111111, 1111111111111111111111111,1111111111,111

111111.

1 111111.11111111111111111111, 1111111 einen 1111111111 111 11111.
11111 Θ(1111ι1ιί1)111,ι11111111,(11111111,11111,111111111’,1)111ι1
1111111111,11111111111.-1111111111, 111111 1111 (1111111111 111111

’ 11111 1111111 111 111 11111111 11111 11111111, 1111 1111111 1111111
111111) elassis, civitas, 111111 (1111111111,ῦαιιιιιιιῑιιαιιιιιι.- ῶοῑῴι,
111111 11111111 11111 (1111ι 11111111 1111111111, 1111111 11111), ,
1111111) 61111111) (1111 111 111111111ιί11.

111111. 11111 11111 111 111 11111111 111 1111111111 11) 1111111111
1111111111 11111111 111 1111111111 111111111111111111 11111 11111111.

Pronomina

111111 1111111111111 1ι11ι11ι1 &rme 111 1111111 (11111161
1111111 111111 11111111) 1111111111) 111Ρι11111111. 11111111
111111111111111111 &inne 111 1111111111( 1111) 1111111111
1111111111111111111111111111111)1111111111111111
(1.111 111111 1111111111), 111111 11ι ’1111111111 111111111
111111111111111111111111111, ι1 1111111 11111
1ι1 111111111 11111111 11111111 111111 111111). Qu
11. 1111111111, 11111 11111111) 111111, 1111ε 11) 1111, 111
11111 131111 111111, 11 11111111 111 111111, 1111111 111111, 11111,

11 1111 1111111 111111, 1111 111 11111111 111 11111111 11 11111111111111, 1. 91. [tf-t,
11111, lieet, 1111, 111-11, 111-11.

 

