555. 1. 5855 555 ι5555555555 555 Β55555555. 17

·· 5555555. 1. 55555555 ch, hh, ph, 5. 5. 555 Tenues 5, t, p 5555 555 17
5555555555, 555 5555555555 555 5555555555 5555555 555555. (5. 5. 5. 10:

5555. 2.) &he 555555 555 5555 55 55555555, 555555 555 5555 (5555555555 {n

555 5555555555 5555555555, 5555555 555 55555 555 555555 555 5555555555 5555555
555555. &tut 55 55555555 5555555555. 555 pulcher, sepulchrum 1), 55555 555

eh 555555 ’5 555, 5555555 555555 555555555 55555555 (5. or. 485 5555 5555 ,
5555 55 555 55 555 65555555 pulcher. 5555555555 555555 55 7555 555 55555555 .
’5555555555 5555 Gracchus, 555 555 55555555 555 Bacchus, 555 5555 535555
555555. 5555555 ,5555 555 5555 55555 55 5555555 3555 555 5555555555 5555555555.

(5515 Β555555 55555 555 SC. de Baccanalihus‚ obet Bacanulibus.) 25555 vth

55555 55 55 55555555, 5555 Cethegus, Spinther, Otho, Carthago. &0115

55555 55 55 5555555555 5553555555 5555 5555555555, 5555 55555 lethum, thorus,
5555551555555555555555 thus (555 5555) 555555 5555555555 5555555 tus.
5555555 ph 555555 5555 555555 55 5555555555. 555555 555 5555 (5555555555
5555555555,ι 5555 5555551555, 5555155555, delphinus, elephantus, siphu 5555555

55st 5115 5555 triumphus. 5555 [55555 man iu 5555325 triumpus. (che. 01¹. 48.

Quint. 1, 5, 2⁰3 505, Β. 1555555 2.)

55555 5555555555 (rh) 5555555555 55 55555555 555 5555 5555555555, 55 ¹
5555555 5 55555, 55 5555555 55555 55555555 555 555 555555 555555 5 555, 555
555555 rhythmus, ’5555555 Parrhasius. 5555 555555 5555 55555555 55555555 bat=
5055‘5555155555515555555 ’55, 5. Β. Rhenus, Rhodanus, rheda (5555 2555 55555-

5555 5585555).

55555. 2. 5555555555 555 6555555 555 5555555 ph 5555555555 5555, 5555
55555. 13, 355555 555 5555 555555 5855555555 55 55 5555. θ555555 55555 555
555555 355555 55 ’5555555555 555555, 555 55 5555 55555 555 5555555555 5 (ph)
’555555 5555 ’55555 555 ’5555 5555, 55 5555555555 mun 555 55 555 5555 55555 555
55555555 ’55555 5555 55555555 55555555 555555 9855555552). 5555 555555 5515: .
5555 55555, 5555555 555 55555 555555 555 Quint. 12, 10 29. 55 55 55555
555555ῑί5 555 5555555 55555555555555 55555 555 5555 555 555 5555555555
555555. = ·

555555. 3. Β555555555555555 555 555 5555555555 555 555555555555555 V 5555
5555 wli 555555,5.’55555. 13 2555 5 5555555555 55555555 55555 5555
555 GV= GV. 555 5555555555 555555 5555555555 mit 5555 55- 55555 55555
5555 55555555 55555 555 55 5555555 5355555 Qv uuessehtuhoet, 5555555 555 5555.
555 555555 5555 5555555555 555 5555555555 555555. 5555 555555 5555 55
555 555555 5555555555 5555555 555 55555 555555555555 5555555 555555. 5. Β. 555,
qno, 5555555 55 55555 55555555 55555 5555555, 555 555 mit 5555 555555

5
’ ’1) 552 555555555’ 55555555 55 5555 ’5555555555 55 55555555 555 55555555 5535555 555515- ’
usqum uauurtxu 5555555 ’55555555 555 6555555 erum 5555 trum, 5551555 555 5555 5555 555
5555 555 55 555 5355555 5555555555 55555555 5555555555 (5.5 ..55 155 555555 br a'chhum

5555 5555555555 hr 555555 ,555 5515555555555555555555555 mit βρᾶχίων maudut 55 53555

5555555555 5155555555, 555 5555555555 55555555555555555 um 5555555555 55555. hu choo
555555 555 5115551555555'5555 555 5555555555 55 5555 5555555555.) hucooh ,5555 555
5555555555 555 55555 (5555555555 5555 555 55555 3555555555 55555555. ›

2) 5555 5555555555 5555555555 55 555 ’5555555555 555 hem 5555555555 p (555 55555555 55¹
5555 5555555, 555 555 f 55 553555555555555 mit uun 555 m 55 u 5555555555 5555555, 5555
55555555. 555 55555 humanm 55555 5555 5555, 55 uum pauore, 5555 555 5 55 5555- 555555.

55. 5555555555 555. 6555555555. 555 5555. 2

 

