018 800110 1111011. 0100110110. 11010101.

0.(00000011101)0010101.ι11100)1

01110001000101010.

208 1) 010 ιοι 0100100110 0101. 00 000 010000 00000000οι 000001
110 000 30101100 000 11011 0011011010. 010 1011 0000101100 00οε
10110000 1100000100 00100 ιο 01100 100110010οε0 00000000 000οε

001100 000010010100,0100010 0100000. · ·

. 11001. 10111010100000010111000010100110 0000001000 000

01000οι0 101111 10100110 s 100 100 01010 000 0011000 0001001100 10 00000111 1,010

0011100 ιιι 0ιο (1001001 obliquis 10110100 1001 10000100 10 r 01010111 1. 1 181.
1100. 0 010 0101110 1100001οι 000 011100 1110101 0οι1100 000 0101101ου

110011000000001(1.1.003);1.0.001010ιο0,0 1001,00010010110,1000010000

0000001101 000 10010101 0011· 00 000 01001000 1000010111. ·

2) 000 000 01011010οι0 000001 s 00010100ιο 01001

001001001010 01010 11001001 00011 11011 00 0000 000101οι0

’ 000 00001100000100101001 00 1111101 0110 000 00 11000100·

1011 010100 000001 01011 001 0101101011 001 000 Genus 0000οι0
1011110100.

3) 0010100 1110100 010 00 000 000011101ιο 010000 0010 (= u

10 00100110000011001100; 1. 1. 180) 0010110110 000001 ιιι 010

,0000100100 00110100100110111011, 0000 000 00010000.
1100. 3. 010100 ιιι 100001 0001 1010 000001οι0 0100100001 000, 0000
00000100110000000101000, 1. 0. illud, nliud3 1. 1. 130.

00100οε00 0101010

209 1) 00100 011100 0011100001 000 1000001110)εο (0010110100
111 00100οι0 00111000 00000100 (s 000 m) 000 0001001100
00011 000 11001000 000 0100000 10 10001100, 0001 001100 00
1110100101 010 000001 000 0001001100 011 0001011111.

2) 000 10111100 1100010111 00100 1100 1110 10100001 10 0οε
1000111000
l) 0101800100 010 000 0000111000 0100000 0010, 0 (= u),
1¹, e 000 01100, 1001100, 0100100 000 1101100 0011001001
Π) 010 0000100 00 0010000011000100011001000011101000 0100000

000 0000 0001110100 0100000 0011.
01000. 1010 010 00100000 11101010 1000 000 1000000100 (001011οι111 00001
010 011100010ιο 0101010 1000 000 0011011110 0010110111 1011101011 000000, tte

11011 1011 000 1. 161, 11. ¹).

1) 00οι 000010010οι00 10 10 1001ιο001 001 010 00000 000 0000 100000110ιο we:
10100101 0011 a 00110· ¹¹· 0· w 000 11011· ·

 

