1111111. 1111111111111111111.Ι 311 Ι

111111.

nun-—

1311 111 11111111111111 111 {Mam
nttbogtapbie.

1) Qu 1161111111 ein 1111111111 3111111 111 1111111111274
11111111 1111114111. 111111 11 111 bie 6111111111 111 11111111 ’
{ein 1111111 (11111 geben„ 1111111111) 1111111111 (5111111111 -
(1811111111) gu 11111111111111111111) 111, 11111 &methea
11111111 1111 1111111111 1). Ilm 1111 11111111 111111 11 111111
111, 1111111111 111111 gu 1111111, 1111111111 1111111111 111
mit 1111 ,111 1311111111 111 11111111111111111111111111.

2) 1811 111111111116111111, mie 111 1111111111111 1111 1111
111111 1111 111111 nicht 11111 1111111111, 11111111 ’1111 11111111
1111 111 111 6111111111 11111111111111111111111. 11 111111 111
11111 bei einer 1111111 111111 111τί1, 111 111 1111111111111
Θ11111111111111 gu 11111111, 111 1111 mit 1111111111 1111111

“ 111 1111111111111 1111111111 1111111. .

1111. mod) 11111111111111111111116111111111111 1111111111
11111111 11111111 sein, 111111 1111 1111 11111111111118111111111 gut 1811ιί111111
11111111 111111 11111111. &o 11111111 1. 18. 111111 111111111111111 οἱς
1. 11. im 1111111111. 111 11111111 1111111111. 111 111 1111111111Θ111.(111ε
11111111 111111 21111) 11411111111111112). 1111111111 pueri, 1111 aud) 111 Qu: “
tin 6111. 111 1111111 1111111111. 1111 1111111111, 1111 Quint. 1 , 7 , 11
1111111111. 1111111111 111 111111111 6111111111 1111111111111 1111

. 1111111111 1111, 111111 1111111,11111)111111 11111 11111111 11111111ίῴ11
11111; 1111111111ς 111111 1111111 1111111111 1. ffl. 11 11111 1111
11111113). .

3)·18111111111111111111 111111111111 1111, 11111111 111

11111 bei 111 1111111111 111111111111111 (1. 1. 129), 1111111

111111 1111111111. 111 1111 11111 [1111111111 6111111 111Θ11111

1111 1111111111 1111111 1111311111 1111111 allen &avitu

11111111 1111) 111111 11111111 1111111). (11 1111 11111111) 111

Ι1ΐ) {lic est usus 1111111111111111111111 11111, et 111111 depositum 11111111 legentibus.
ρωῖ) 11171 18311 11111 111 111111111111 111 1111 1111111111· ’

3) 1111111111 11111111 1. 7. 11, 111 1111111 111111 1111111 611111111111. servom,
111111111111111111,111111,1111111, 1111111111 111111ιί1) 111 11111 1111111111
werbe) 1111 11111 1111ς 111111111111111 <de 11111111. 2222) 11111, 111 1111 in 1111 =

ffimssemgnsseobm 1111 adoptivos, [1111111111111111111. 11111 1111111 111) 1111111 ’
1 1 .

4) orthographia quoque consuetudini servit, ideoque saepe 1111111 est. 0⁸⁶⁸!- ¹· ⁷› ¹¹·

 

