’ 1111. Ι. ,sas 21111111. 55555555555515555. 151

111111. 3. 211 1111111 21111 1111 111111 111111 11111 1111, 1111, 111111,
(1111,1111111111111111111111111111111111. 2101, 2112. ;

211111111111111,11111νί,1111111111,1111’11,11εὲνί,11111111.
1111111111 11111111112111111. (21101112.) 211
1111111111 2111111111, 1111111 111 11111111 111111 21111 5555 555,
1111111111 11111111 11111 11111 11111111 11111121111111111
11111111 1111111111) 1211111121111111111. (11111111,
compesco, dispeseo, 5555. 118111111211111.) 61111111
cresco, crevi, 1111111, 1111111111. · ·
21111111). crocus = netus3 55555555).· μ
mfflmmmffl .<
21 1111 2111111111 -1111111 11111 11111111, 1111111111 (11111111 proc:
cognosco, rocognosco. Ignotos 5555555555555 1112111111, 555555555.
1111111111 ignotum est, 11 111 1111111111 1111111, 1111111111. 11, 11.
1111εοί11111, 11111) 21111. Ρ111.Ἑ11. 1111 1511111211111101, 4.
pasco, 5555, pastum, 12111221111111111111
quiesco, quievi, qui5511m, ruben. ·
quietus, 111111(11111,11111.

suesco, 11111, suetum, 1111111111.

21112, 1111 1111111111 2111111111 mit 1111 (55555555 555 ’1111111111
211111111111. 11111 1111.1211111111111121111111112

3111111. 21111 oet 5555555 2112111111 111121111111111
n 11111.

2211111111(1121111111111111111111.2 11111111111 21111124
1111111111)11111111,11111111111,11111111111111. 2 111112.’.111111
555555555 11111111. · ’-

2) 1111111111 211111111111111 11111 211111. 2111111 (11111111.
1111, 5555553 1111 21111 1111111111 oleoso, 11111111, 1111111
111111111111111112, 5. 116), , , “
1112111121,(πλήσσω)111.1111211111.1111111,1111111..1211.111111
551⁹) ⁴.
vado, 55555 (5. 5 12⁰5 1111, 111111, 11111111, 1111111 (5 5. 1155.
Not 5535 1 211 11111 1111111111 1111111111, litum(55155) 1111111111
1111111111,111111111111111,Ι ., ,1 · · , . , ,2 .,

355555 2111111211 2111111αῷ

oa 5555 1112111111 111 1111111111 111111 2111111111 111111,

11111111 1111111111 11111111 111111 1111 1111111111 111 11111111 111111 55 50555

1111111131111111111111111 1111211111 211111111111111. 2111111 111111

ooo 211111, 1111111111 2111111111 (2111111112111211122111111111, 555
11111111111121111111111 2111111111) (11111111111121121111211111111 ’

11211 5 211 11111111 macc 111 355555555555555 55555555555

 

