999...11. 9999 9999999. 1999999999. 9191999999. ¹ 257'

⁴⁴ 1999, 1999, 1999911), 9199919999 999 99999 (9999991999 99 999
9991995999 99999999999999, 999 9199 99999999999993 99

99999 99 9999 999 99999999 999999 9 99 9999 9999 999
99999999999991999999 9999199999 99 9999999999 9999 99999

” ¹· 999999 9999999999 99999

1119, 1119, illud, 99999, 99999, 99999, 9199999999 999 91999
9199999999 19 99 99999 999 189999999999. 999 (99

9999999 999 hic 9999199999 99 ’9999 999 9999 99999999 999

, 99999999 9199999999.

9.· Pronomhia indefinita.

1. 919 999999 91999 9999999999919999999999 9999 9919 11999919·
, 999 919 9999 1999999999 991999 999999 99999999 99. 9999 9999
99919919 999 9199 9999919 1999999999 9199 999 999 99 999 99999999999
999 999 9999991999 9999999999 Pronomen indefinitum:
quis, 999 (999991), quid, 999 (99999999199999
qui, quae, quod (9999999999) ’

1199991. 99999999199999199999 99999999199999999999 9999 99999999 999
99991999 9999919919 99999. 234 9999999999 9999999999999999 9999999. 9119919,
qm 991.999999 9 99
, 2. 999999 9999999999, 9919 9999 9999 99 99999 9999999999, 9999

999999999999999999999991),Ρ99999999919999999991999919
9919199999 quid? 99991 (9999999999
999199999999999 quae? 9999999 quod? 9999999.ρ (9999999919).
§hm 9999991999 19 999 9999999 999 9919991999999919, 99,

id, 999, 999, 999,99991999999999919991919, iste, ille; ’

9999999999 9199 919 Pronomina 91919199. 9999 3999999999,
999 9999999999 1999999999 9999999991), 99 9199 9999 9999919999

“ 9999919999. 189199 99919999 999 9999999919 999 91999999.
3. 99999 999999 99199 9999 9999 9999999999, 999 919 99999 99999
9199999999 999999999999 99999999 999 9199999 (999 9999999999)

999999 919 6999999919 9999 99999 919 99991999 1999999999 99 .

9919999999 9199999999 999 9991919999 9. 91. 999 9991, 999
· ffleb1t3 9999 999 9999 999 99999999 id) bit3 9999 999, 999
“ id) 9999 9. 9. 9. {sn 9999991999 999999 99199999 bie·

99999999 99919 999 9999, 9999 9999 99999199 99199 91999 999 999999 99999 1999 999919
999 9991199999 919999 9991999999 9999. 9. 9. 418- ’
11 &o 91919199 999 1999999 91999 9999991999 999 999991999999 u 9999999999. -
auem qm f· ξ· mr ³·
8111999999 99999991. §.m .
9) eine 99199999 99999 99 aequm 9999999 ‹= on 99999 9999 quma? .

t. 0999919999 999 9991999999 Ι9. 1999 11

 

