66666666. . x1 Ι

7 6666666 666 66666 66666666 66 36666 66666 6666666666
6666666666 Vl, 66763 66676 66666666 66676676 6666, ’ ·
76 66667 666666 666 6666 666 (666667666766 6666666667, ’
666 7676676 666 66666666 66 6666 667666 6676666666 666. 6666
66666666 7666666 766666 666 666 66666 666 666· 6666666666, 6666
6666666 6666666666 666 66666 66677666666676676667766 66
76666666. 6767 666 766 6666 666676 66 66666666 666 666766,
6666666667-6676666666 666 676 7666 666 666 66667667 66666
6666667666 6666666666 766676666. 6666 766 ’666666 66666666
666 66 666 6666 666666 666 7866766666 766666 66666 666
6666 6666666 666 7666766666 766· <
’ 6666 66666 6667Ι ιιι 666 76666667 666 666 7666666666 ’
6676666666 7666666 7666 66 666 6666666667 66666666 666666
6666666766 666666 666 ,7667 66 6666666667 66676666 66
666 6666 66667666 666 6666666666766766 66676666. ,6676666 ,
6666666. ἰιιι (666766 6666 66766666 6666 66 666 6676666766
666666, 666 666666666666666666666616666, 76 6667666 ’
666 666 {themu-imit 6667666766 6666677666676676, 666666 666
6666666 6666666666 ’66666666666666666 766 666 6666 666666
6666667 6666 766667Ιί66 6666666. 66666666 66666 666 66666
66666 66676766· 6666766666 66666666 666 666 66766 ’67676676
66 66676 6666 6666666667 66776666666 766666. 666 66666
6666 666, 6666 666 666 6666667666 6666 6676667666, 666666 ‘
66666 6667666766 66666 76666, 66 666 66 mein 76676766 -·
(6676666666 76666666 66667 666 666666 667666666 666666, 666
66666667 76 6666666666, 666 666 66666 6ιί6 66666666 666 (66666
76667666 6666666 766666 6666, ,667666 7677667 666-76666666
76666 6667616 676 76 66766666 666 66666 6666666 666· 6666 76667
76666666 766.ἱ 666 6666 666 66666666, 666766 6666676 666» ι
6666666, 666 666 ,6666666 6666 7667666 6667666666ιί6 666 66 -
66666667 6666667676666 7676666666 6666776666 66666 66666
66676 6667666666666’ ιι 666 ιο766666 666 66666 7666767666 76 Α
66666676 67666. 66666 666 6666 666 (666666 66 666 66666

 

