2³6 81111111 11111. 1111111111. 1111111. Ι.

’ 11111 111111. 11111111) 111 1111111111 1111111 1111111111111111

1111111111 11111111111111111111111111 11111 1111111111111 1111 111
11111 1111111 .

1) 1111111111 111111, 1111111 1111 1111111 1111111 11111, 1111111111 11111
11111111111111111 (111111,1)11111111111111111;1.1.11111111(111·
11111) 1111 claritudo (1111111111111111111,1“1111111,11111111.

2) 1111111111, 1111111 1111111 1111111111 11111 1111111111111111111
11111 1111 1111111111 1111111111 1. 1. vallus, 1111111111 vallum,
11111111 amygdala, 11111111111111 amygdalum, 11111111 prunus, 1111111111
111111, 1111111111111111. 11111111111111111111111 111 1111111111 11111
111 111111 111 111 11111111111 111 1111111 111 11111 1111111111. ”

1111111. 1111111111111111, 1111111 11 81111 111 1111111111111 11111
1111111111111 111111 11111111111 1111111111, 11111 11111111111111
(111 1111111111 1111, 111111ε1111111111), 1111111 111 11111111 &inne 1111
1111111111 1111111111 ’11111 1111111 1111111 11111111 1111111, 11111111 1111111111 .
1111111111 11111111 111111111 11111111111 11111111. 11111 mit 111
1111111111 111 1111111111111111 11111111111111 111 (1111111111 111,
1111111111. 11 11 11111111 111111111 111111 1111111111, 11 111111 11 1111111-
11111. 1111111111 11111111111111 1111111111 1111111111 111 netem-:litum 11111
11111111 111 111111111111,1111111111111 11111111111111111111111.

’ ’ 1111111111 11111111111111111111111111111111.

1111111111,11111111111 11111 1111111111111 111111111111111111
11111.

1 1112. 111111111- alimonium ¹esseda— 1111111111 111111- mendum
111-111111,1111111-1111111111)11111-11111111111111-
’ ς11111111111·,11111“11--ί colubra (11111 11111111 11111 vespera-
1111111111 1, 218, 2.) -
5111111111 1111111111 1111111 1111111111 11111111, 1111111111 11
11111111111111111111, 11111111111--11111111 1111111111-111111111
“ . 11111111-11111111 balneum -1111111,11111111111111,111111).

——nn

1) 111111 1111111 11111 1111 J. 171 1111111111111111111111 111111 1111111111,
1111111 111 1111111111 11111111 11111 (1111111 11111. 11111 111111111111 111) 1111 1111 1. 171
111 1111111111111 11111111111111 1111111111 111111111111111 111 1111111111 1111111111
,11111111111111111111111111111 1.1.11111111111,111’ 11111111. 1111111111111111
1111111111111111111 1111111111 11111 1111111, 1111111111 1,11111111111111
1111111111111111.11111111111111111111111111111111111111111
1111111 (1. §.177 111 111). 11111 11111 111 1311111111 11111 111111111111111
11111111 111 1111111111111 111 1111111111 111, 111111 ·,111 11 1111111111 1111 111 11111 111
1111111111111111111111111111 111 111 1111111111 111 11111111 11111111. 1111111111
1111 1111111, 111· 111 111111 1111111111111111111111111, 111 1111 111 111111 111 1111
. 1111111 111 1111111111 111111, 1111 baculus, 11111111. 1111111111 ,11 11111111 1111111111
111111111111111111111111111111 11111 111111) 1111 11 111 1111111 (1. 1. 175), 11 11111111
1111111111111111111111111111111111111 11111 11111111, 1111111111 1111111111
1111111111111 11111111 1111111111 1111111 1111 111-1, 31111 111-1 111 111-1.

2) ᾧ. ss. 111111) 11111111- 1111111111, munchen 1111 gausape, 11, nod) 111 britton 11111111,

1111111111111111 1111 1111111 1111111111111111111 111 1111111111 111 1111.
1111 1 1111 111 111111, 1111111111111111111 1111111111 1111 111 11111111, 1111 1111111108, ⁸⁰
111111111111111.11111111111111.111111111111111111111.11111 1111111111

81111111111111111111111,1116111111111111111111 1217, 1.

 

