811. 11. 1111 111111. 81111. (1111111 8111111111. 221

,0111111111 ales 1111 11111111(111111111111111111 11111 1111111118 ’
8111111111 1.·1. 11111. 1

11111. 1, 811 11111111 11111111 111111 1111111111) 11111 1111111111 111
11111111 1111111, 11 1111 1ι1 ’81111111111111.1.1.181,1.11111111.
11. 2. (11 1111111111 1111111111111111811111’2.14 .

b) 11111111111 111 811111111811111,111111111 1111111111
11111111111111), 111), 111), ys 1), aus, x, 111 1111111111
111 11 111 1111 181111111111111118111111111 1. 8.
aetas, auris, virtus, chlamys, laus, 1111111, nubes, ars,
mors, hiems. 111111 111 81111111, 111 1111111181111111
55 11111111 11111. 192, 4.

. 1111111111, 11111111 1111111111
1111111 11111111111111811111111111,111111 1.8.1111111,11111111111 ,
1111111111,ι“1111;1.111.1111111ιι1,-1111,1111111111111111.’ἱ

11111. 2. 181111 11111111111111111111111111111111111111181111111111 .
11,11111,1111111 11111 1111111111 811111 111, 1111111 1111 8111111111111
1 1.181,1111.1.811)111111ιι 1111111111) 111 8111111111 1111111811111111.
111 11111111 1111 assis 111) 111 11111111 11111 11111111. (111111 11111 111
1111 11111111111111111111111111 111 11111111 vas, vasis (1. 1. 181.) 111

55555555525555555b ,1111111111 11181111111111111 111, 11111, 11111111 11111 111111

81111111 111111, 111 1118111111 11 1111111111, 1111 1181111111 111 111 181111 1111111111 .

1111111111811111111111111111111111111·

1) 1111111111 11111811111111111 11 1111,1111111111111111111111111111111111 qe·
111111111111111111111111111111111111111811118111111118,1111,18111811111
1111111,11111111 111) 11111,111111111.1.1.111.1 1111 1111111111 55¹¹
1111 111111111118 1111111111.

1) 111111 1111111111 1111111111 1111111, 111-,1 111111 1111111181 1111 11111
1111111111 8111111, 111111 11111111. 1111 111 111 8111118111 11111 1181,11111111111·
0111111,8111111111ι1-ῐ,111 11881188885111111111,811111181111111111’ 1 1111818
8111111111 111111 8111111111 1111111 55 1111 111111 11111111 1111111111111111118111111111.1

8) 8118111111 11111 11111111 1111111 11111 u 111 18111111, 11 11 1111 81111111 111111.
11111111 1111111111 811111 s 1111 1111111 111 81111111 111 1 ,1111 d 1111111111 1811111111,
1111111,11111,1111111 1111111 1111 11111111 1111, 111111 ι111 1118111111111-11111111
11),1.8.11111,111111111111 (11. 8,) 18111, 1111111.811.1111111·11111111181188·
telluris (111111111111111111111111111111111111111 8111111,- 11· 15⁷ 11111111 111111
11111 111 1111111111 11111111 8111111111 1111111 11111111,(111111111111111 1111111.
1111), 11 11111 1111 111111 11111111, 111 111 1811111 11111 111 11111111 5555555 11111
8111111111 11111111 11111 811111 11111111. 55 55 11111111 111 1111111111

11111111,111111,11111,111 11111, senectus tellus, incus, palus.

551555555 111 111111111111111 111111 111111111,1111111)111 111 ,555555551
1111111111 1111111111,11111111 11111111111111 1111111 1811111111, 118·
11111111111111181111111 111 11 1111111111111111111111.) 55 ’1111111 55 1111111, ·
111 1111111111 111 8111111 11111 1111 11 1111 111 111111 11111 1111111111 111 1111111111
1111111111 11111 111 111 11111. 111111 11111111 1111111111 111111 11111

. 11111111111111111118111111111111111111111111111 111) 1111111111 111 8111111818 5555 5555
811111111131 111 811111 111 11111 111811111111111111111111111111 111 11111111

· 8111111111,1111111111)1111111181111111111111111111 11111, 11111 (1111) 111 111111

11111 8111111111111111,111 1111111 111 1111111 1111111111 8111111111 111111 1111181181
81111111111111) 1111111118111.11111.111ι

1) 1111 1111111111 1111111111.

 

