18 55555 55555. 5555555555. ,.

5555555555 V 5555555555 Media 5555 Tenuis 5555555555 (g 5555 55, 5555 555555,
555 5555555 5555555555 5555555555, 55555 5555555555 (5. 5. 55), 55555 55555
555 V 555 55555555555555 5555555555 55555555 5.(5 511).
, lum. 4 555555 bie Media lingualis d 5555555 5555 mit V 555 mitem
555 duellum (= 45515555) 1,) 555555 555555 5555 555 5555 55555555 5555555555
⁴ 55555555 5555, 55555 5555 555 555 55555555 5515555555 555 55555. 2, 555 555
5555555555 5555555555. 5555 5555555555 ’555 d 5555 55 555555 55551555 5555,
555 555 u 555 5555555 V 55 55 h 5555555555, 555 5555555 55555, 55 55 55
5555555555 5555555555 555552). (555555 55555 555 duis 5555), 5555 55555
hini, 5555 duonus bonus ⁴). '

—n-——-

555555 555555. > ⁵

5555 5555 5555555555 55525555.

Ι. 5555555555555 555 Quale.

18 5. 555 555 555555555555555 555555 5555555 55 555 55555555
5555555555 555555( ,“

’5555 5555555555 555555 5555555 55 6555555 555 einen
555 im 55555555 555 555555 55555 55555 5555555 (5555555555).

a) 5555 5555555 5555555555 555 555555 5 5555555555
555 555 im 55555 55 555 5555555555 55555 555 555555 5555555555
55 5555555555 555555 55555555 55, 555 5555 555 5555555 555555 555
55555555 55555555,5 5555555 555 555 55555 55555 5555 555555.
55555555 555555 555, 5555 555 555555 55555 555 555 5555 555

15 5555555555ῐί5 55555555 5555 455, dv0,= 5555555555.

2) 95555555ιά 55555 vis, 554555, βίος 5555 vivo, vita3 βούλομαι 55555 volo.

55 Duo, 5555555555 δύο, 55555555 555, 55555· 555, 5555, viginti 555 5555555,-

4) zm 5555555555 5555555 555 555 5555555555 dv 55555 du 555 55555555 5555555 55555
555 55555 5555555555 555 d 555555 5555. 555555. guasco, nosco· σφάλλω 5515555555. 5. 5585.

55 5555 555 555 5555555555 555 55555 555555 5555555555 5555555 5555555 55 555555, 5555 55
, 5555 5555555555 555 5555555 5555555555. mare: 5555555555 555555 ’

a) 5555 555 55555 5555 555 555555 55 5555 55555555 555 555555 5555555555 5555, 55

, 55555 55 5555 555 5555555 55555555 (5. 5. 55555 555 5555555555 55555555. 55555555 55

555 555555 55555 5555555555 55 555 5555555555 5555 ,55555555 5555 mas-ug 5555555

5555555 (55555. cia 01 5,7755544,1555.ο55559,4,,535 55 555 5555555555,

555555 5 555 555555 55555555, 5 555 55555 5555555555 5555555 55555 5555555555 55

5555555555 5555 55555 555 55555 bet 55555555555555555 5555555· 5555555555 555555. 5. nie

ι 555 e ,5555555 55555 'ab 555 ex 555 55555555 5555555 5555 mast 5555555555 555 5555555555

5555555555 555555 555 555 bet 5555555555 555 555555 5555555555 555 555 5555555555 55555-
55555 55555, 55 5555555555 5555 5555555555

75 55555 555 5555555555 est 5555555 555555 555 5555555555 555555 555, 555 55555 555
ο 555 555 5555555555 5555, 555 5555155555 st 5555555 55555555 eben 55 5555 ’55155555
fio 555 5555555 5555555555 5555555555 555 555555 555 terens. 55555555 eet 55555 555 5555
5555 5555 nomentum-us 55555555555555, 555 opust, 55 55555555 555 5555 morte
5555 u· 555 65555555 5555 555 ost 555 555555 55555 5555555555 5555555555 55555. ou 555
55555 55 55 55555555 555, 555 5555555. 5. 55555555 5 55 555555 55555555 5551555455 OM·

 

