333133333333333333333 ’ 303

33333 3333333.

. Ἰ 833333333333333

1), 333 333 333 33333 3333 33333 3333 333 3333333 333 333 333333 253,
333 333333 3333333333 33333 33 3333333333, [o 33 33333333 333
33333) 3333333333 333 33333 3333 3333 33, 33333 33333 ’.3333
3333333 33 333 33 3333333333333333333333333333133

33333333.

. 2) 3333 333 333 33333 333 (3333 3 33 3333 33333 3333333 3333335
3333 33333. 3333 3333333333 33 33333333 3333333333 33, 3333333333 33333
333 23333333 (3333333333 333 3333333333),- 333. 3333333333,
333 333 333333 33333 333 3333333333333333333333 333 33333 (3333333
3333333333· 3333333333 333 3333333333333 3333333331).
333333 33333 3333· 3333333333 3333333333 333 3,) 3333333 ,33333333
3333333333 333, 3333 33 (3333333333 3333 333333333333 3133ae
3333333 · .-·..·; ,
ι333333 Ι3333333 3333 3 333. 33333 3333333333 333333 3333333
33 333· 333333 33333 333), 3333 33 3333 33333333 (3. 3. 85 33 2)
,33333333 333 33333333 333 333333, 333333333333333333333 3333
33333 333333, 3333 33333 (3333333333 3333 3333333) (333333333333333
Qut 33333 3. 38. 13- ο-, 3111· ·⁰.2 Εὗ- ·⁰·‚ 33333333 333333· 0⁴).
3333 (3333 333 33333333 333333 333 33333 33 333333 3333, 33333333 ’333

333333333- -re (333. 1··,tum) 33333.

333331. 33333 333333 333 je 33333· 33 333 3333333 3333 3333333 3333333333
333333 33333 3333333333 333 333333333333333 33333 33333 (3. 3. 232, 2.) 333

..·..-ψ-

·1) ’33333 3333333333 3333333 3333333333, 3333333333 3333333333, 333 mmmmm ’
3333333333 333333, 2333 333 3333333 333 3333333333 33 3333 3333333 3333333 333 33333. 333
{amitt (3. 234 (3.3) 33 33333 33333333, 33333 33333 3333333333, 333333 333333 QPWRRQ 3333 33333
&terion 333 3333333333 333 3333333333 3333333 ,33 33333 333 33 3333, 333 333 333 3333
3333333 33333333 3333333333333333 3333333333 33333333 333333 333 33333333 ’33
3333333 333 3333 3333333333 3. 3. 3333333333· ·· '¹· “W'‘ ιι

2) 33333333 3333 33333333 333· 333333 3333313 33333333 3333333, 3333333 ’33 ’333 333 3333
(33333 3333333333 333333 3333· 333 333333333333333333333 333333, 3 3333 333) 333· 323·
3333 3333 33333 33 3333333 (3333333 33333333333333, 333-’333 333333333333333333333313
33333)ιί333333 333 3333333333333 3333 ww 3333333333 3333333 333²- 33 33333. 33331,
3333333. 6 1031-31333:

,3) 33333 33333- et 3333 33333333 3333 3333333333· 33333333 33333333 3333333. 333 3333333,
3333333333133131'3'33 333 3333333 333 Quanam.- 3333333333 3333333333 333. 3333,
33333, 33333 11,AE Μ 33313 333 3333- 3333333 3330 mmmmm 333333
333333 33333333 333333 333333. «3 3 §.mn

333333 n 333 333, 3333 3333 3333333333 333 3333333333 3333233333·- (3. 3.· 333. 33),
(3333333 333333 3333333333 333 333333 33333. §u 33333. 3 3 ¹5· 133 33333 33 d 33
33333333 3333333333 33( 33333 3333333333 3333333333 33333333 3333333333, 33 33333 33
333 333 3333333333 33333 333 333333333333333333 (33 3 Β 3333- 33 mens (mum). 333

333-333233 men ·(333. 33333 3 3. 1, 3 ³133 3333333ίὲ3333 333333333333333333
313, (3333333 333· (333. tigno).

 

