220 66666666 66666. 6666666666. 6666661.

211 2) Femininat

6) 6666 666 666666 6, 666 666666666661666666 666 a, 6666

666 6666666666 666 6 (η) 6666 666 66666 6666666666.

⁴ ⁸ 6166666666. ·
. Maeeuline 666 666 666 666666666666 6666666666 66666666, 6666
scribe, 666 66666666 eurise, 666 66666666 6. 6. 6666666666 66666
6666 6166666666, 66666 Hadria, 666 6666661166 66666, 6666 6. 165,
66666666 666666 666 §ecee 6666 666 6666666666 (6666666666 6666666
f. 6. 166, 1. 6666 comete 666 planeta tetthen 616 6116666ῐί66
· 6666661666 (666666 666 6666666666 κομήτης, merkem, 6666 ee 16666
comete cometes 166 91666. 61661666· 6666 planete 111 &inferentia 6616
planetes 666 666666 6666666666 6666666666· Sne 6116666 6666

planetes 666 mee. 666 666 6666666, 666 mede, ularriwce
6666161.

b) mit 666 666666 6616 666 66 6666 6666666666, 6616
facies, 6666166.

¹ „Quenebmee

masculine: 61666166 meridies. 666 666. 66666 6666 'in 66666 666666

666 6666 66666666, 6666 ee 6666 6666 366666666 6166666666,

6666 66666 6666666666 666, 16666666 66666666 6. 63. lenge, dam-

6666 dies, 11666116. 1, 1, 2⁰. Od. 3, 6, 15; diescente, 611666.Ι

6666 66666 666 6666 stete die. 66666666 6666666666 ee 6666 66 6666
666666 6666666666 666 6666666666.

212 3) Neutra, 666666 61366666- 666 &tetemet 66166666 666 6 in
666 66666 666 16166666, 6666666 666.
a) 666 metet 666 um 666 6666 &tenente eufo (=u) 66
666 66661666, 666 666 616966616666666666 666 6166666 en:
6666666 166 6666 2666666666661611666-6ς 6. 6. 180.
h) 666 6666666 666 6 66 666 6666666 666 666 &emme
auf 11, 6666 (666666 f. 6. 197ς 6666 2666666666.

213 11. 6666 666 66666666 mit 6666666666666666 &tumme 666
6666 &tumme 6661 666) 666 6666666 6666666666 666
1) 666 6616666 66666666666 666666 6 (f. 6. 186) ¹) 666616
6616666666, 666166 66666166.
. a) Maseulina: 66 666 666666 616 6666666666666 666 ⁰⁵33· 68.
peries, -6616, (116666 666 &tamen 6. Θ. 1114.) ,
6166666666. ’
, 1166161666 eempee, quies, seges,
6666666, merges, teges3
66666 666 6666661. inquies, requies.

’· ¹> 6666666 66 66666 666 666666 6666666666 16. 666 666 66666, 66 66666666 ee 6666

 

