444. 1. 4444 44444444. 4444444 44444444. 74

4)444 44444444 44444 4444 4444444444 444 4444444444444
44444 4444444444 4444444444. αθα4444 surgo, 444 44444 444

44444444 444. 4444444444 4 4. 484.

444. 44444444 444 &apina 444444 44444 4444444444 (4444444444 44
4444444444 4444444 44444 444 444 4444444 444444 444 444444 4444444444. ,44
44444444 4444444 444 4444 44444 444 4444444 44444 u 444 44 4 444 444444
444 44444444 444 gu 444 4444444 (44 4444444444 444 444 ,4444444444 4414444444
verbalia 4444 44444 τα( 444 (44444444 444444 44 44444 4444 444 444 (4444444444.

4) mae 4444444444 44444 444’ 44 444444 (44444444 44444444 82
44 ῧ444 444444 444444 444444 444 4444444 44 4444444444 4444 444 1).
4444444444 4444444
4)44 4444444 44444, 444 4444 444 444 44444444 &abjecte 4444
’44444444444444, 4444444444444444. θ4444444444; ·
4)44 44444444 4444, 444 444 44 44444 ὃ(4444444444 444 444444·
4444 4444444444 .θ 4444444444.
4444444444 4444444 444444 4 44 44 4444444444 (scribens, scriptus),¹
444 4444 44444 4 4 44444 4444444 44444. 4444. 444 44444. 44444. 4444
4444, (4 44444444 444 44444444 444 3444 4 44 44 44444, ’444 44, 444 ’
4444444 444 <4444444444, 4444444 4444 444 444 ’444444 4444444
44444 444 444 4444444444 44444444 44 44444 3444 4444 444
4444 4444 444 4444444 4,((4 4444 4444 444( 444 444 44444 (4444444444,
44444444 444 44444444 44444444 (4. 4. 494). Qu 444444 4444
4) 444 4444 444 444 44 444444 emet 4444 44444444 44444 44444·
4444, 4444444444 444. 44444 ’
scripturus, 44444 444 44444444 4444 4444 4444
(44444 4444 444 444 444444444444 444444,Ι 4444444444
4444. 44444. 4444 (4444444444 “ · ’
scribendus, 4444444444444444, 444 4444444444 444444 4 444 ·
4444 4444.
444444 4444 44444 444 444 4444444444 4444444444 4444 4844444444 x

444 44 4444 44444444 4444444444 44 444 644444444481
44444. 4444 4444444 4444444444 4444 4444444444 444444 444 44444 4444 44
4444444444. 4444444444 44444 444 4444444444 44444444, 4444444444 444 ’
44444444 4444, 44 4444444 4444444444, 4444 4444 4444444444 444444 4. θ,
· 44444444· 44 ranst 4444444444 .
44444444444α hortatu„ 444 44444444 4444 ,
44444444 hor tatum rus, 444 44444444 4444- ’
444 444 44444444 4444444444 44444444, 44 44444 4444 444 444
«4444444444 4444 44444, hortandus, 44 44444444, 444 44 4444444444·

1) 44444 444 (4444444444 ,44444444 444 44444444 4. ξ. 444.

 

