111111111111111111. , 53

Mem 1111111 istx coutufiveusus. 1111111 11 111 11111111 111111, quandum, =‘ s
quaudficumque (11111 11. 41, 1111. 1.), 11111111111111111.

ΠΙ. 11111111111111 31111111 111 111 1111111111
1111111111111611111.

611111111111111, 111 1111111 111111 11111 611111 11111111, 11
111111111111111 1111111. 11 1111111111 1111111111 1111 11111
1111111111 (1111111111 111 1111111111111111111. (11.11111111111
18111111 11111111 1111111111 11111111.)

111111111111111111111ῢ1111.

a) 1111111111 11111 1111111 (1111111111, 111 1111111111,
111 11111111 111111), 11111 111 11111ῢ1111 11111111 111 1111111
(111111)1111111111111111111; 1. Q: ltaliam Ttaliam primus con·
clamat 1111111111. V irg. Aen. 3, 523 ¹). Prifimides. Ib. 3, 346. ’

b) 1111 11111 11111 1111111(Ε111111,1111111111111111111)

11111111 1111111111111, 11111 1111111 1111 1111 111 (11111 111
Me& 11111111, mie: Desine plura 1111111 et quod nuno instat
agamus· V irg. Eut. 9, 66( Te canet agricolus, magna cum

venerit urbe. Tib. 1, 7, 61. Morte 1111111111, 1111111111- Ι

1111111111. Ouid. Pont. 3, 1, 113.

11111. 1. 11111111 111111 111111 111 Qube 11111 1111111 1111111111 111
1111111111 1111 1111111 111 11111111 111 11111111 11111111 1111 1111111111
111 1111111111, 11111111 11 111 11111, 111. Nereidum mutui et Neptuuu

Aegeu. 111111411314. 11 11111111 1111 111 1111111 (1118111111.
1111111111 1111 1111111111 11 11111111, 111111111111111 iu magno. Virg.
Aen. 1, 111, 1111 11111 111 111111 1111111111 11111.

2)1111111111111 11111 111111 61111 (8111111, 1111
1111111111, 11111111111111), 11111 6111111 1111111111 111 111111
11111,111111111111 111 111111111111111111,1111 obstupui 11111-

1111111111.17115111.14811111111111111111111111

1111111111 1111111111 (1 152 2)

1111111111111111 111111 111, 11111111111111111111 111 11111111
111 1111111111 111, 111111 11111 11111111. 1111111111111111811-
1111111 (synaloephe 111 Synizfisis) 1. 1. 21111. 2.

111111. 1. 1111111111 111 611111, 1111111 11111 11111111 1111 111, 111111

’ ,1111111111 111 11111111. 1111111111 1111111 111 11111111 111 11111111
1111 11111111 111111 61111111111111111 1111111111, 1111111111111111111

-ι-ᾡη--ῄ

11 11111 11111 1111111111 111 1111111111 111 1111111111 11111 1111111111 111 1111 1111111111
111111111111111111111111111111111111111111111 ,111111111111111 111111 1111111111,
1111111111111111111111111111111111111511 11111 ubl diuersus. 0111111111
1111111111.1ι(11111ι111111111ι111 11111.

 

