292 &ociter 21121. 2222221122. 212121121.

2. 222 tibrim 21222212. ’

218 1122212 22 2222 1. 222 2. 22222222 2122122222 222
222122 11222 22 22211 2121222222,222 22122229 222 212112 222
12 ὓ2222122112222 21221222 12122. 2221 1122222 12 2221222 222
2112,2222 2212112 22 222 2222 bet 22222 222 oben 2222121222·
2222112112 2222112222. 221212 22192, 221212 2212121222 222·
2221211212222 12122222, 122 2221 21212 22212222 22 222 222
122, 1222222 212 222 2121221222 1129212222,221211212212222 21222
, 1221212222 22212222 122 &o 1. 2. bie 2212212112221122222
,(1. 2. 245) intra, citra, 222 intus, cis„ 292221121222222222122·
22112122222212122-22, citer-us, 2212112 1221 2221211222 in 222
(5222222222 interior, citerior 12122 12 2221221122, extra, 21122
(1.1. 229222 227, 22. 4). 22121222 22212912 12122 circi&
22222. &ben 2212 21222212 222222 222 2122222 121212 212 2122
,2212212222 2222222112. ¹

’ 2121212 2212221222 2211221212 222 22222 1122111292 222
2222 212 22212212 222 212 2212122222 2211212122· 2112222,
intrfi', 1122221112, 2221 1222221112222, aud> 22212122
22222221), 2122, 12 bet 821222212211222 ultro 2122222222
ultro 2121122, ultro citro), 1112222112. 222212 retro, gutftth
porri), 2212221112 1222. mle 2212 2112222 1222 abet 2212222 12222

in 22122 2122 22222222 222 212 22222212 122 22222211. ,
¹ 3) 2121 2222221221112222121122122 2 2. 222122221211222

. quidem, 1122222122, 222112112222122, 2212122, 212,1

unm. 1. ,52 222 222 222 3222121222 1212222222 221122 (12 22·
21112 2221222211121,12221 21212122 2212221222, ibidem, rtdem 222-
222,2212222.1.2.212 221222212222122, 2222221222222222222
2222122221 2222211112. Tandem 112 == 22222,2222222122212222 mit
¹t 2212222222 222221222112222, 2212122 212 (1222122 222212 qu 2222222222
2221112122. (1. 247, 21. 1.) 32 pridem 121222 fid) 222 fn prior 222 primur
(1. 1. 229) 2212222222 22222, 2212112122) 22211 12 pro 222 prae 12192.
1)·222122111232222122, quom abere-quum, 21222 22221222112122 8122122
222 1222112122 1122222122122222. 212221122212122 dam 112 ’221222 21212
222122,2222122222221112221222222. 22221212 222 ist -dam 222212 212
dem 2222222222212111222222112 (1212 quaudo, 2112222121 1. 21. 247 Ω).

1222. 2. lta, 1ο, 112 2221 21221122 2222222 mitis (1.Ι 1. 2321, 222212

· sio, 12 2222122 212122 22222 22· &vitantur 2 222 222 2222212222 2 (ω,
1. ἱ 239, 2. 1.) 2222222222 2122.

...ι-...κιφ-

11 2222 2122222222 2212 22222222 1. 222222 222

21 2221 22211212 221122212221212222 222 222 ret 2222221222· 2222221122222
22122122 6122221121 12· sempr-nte 21222122 222 222222.222·,2222·2,22222·12222
(22222222 222. denum) Ἣμηωροι mamm, 2221111222.

 

