12 , 999999 99399. (9933393993. ·

939399 999939 91 393 zi 9993 93 99399333 999 99993993 8399939399
3. &Vn-&tun fanV.-· 9333 93393393939 99 99993 9939939393 3939,
» 333393939391933399, 3939399913. 9993393999 999 Vc 33 3399339
ι) 99333 9ι3ι 9 399993 99939 ι, 9933 x (ιιι) 9939333399, 3. 98. Attius,
’ molestia , mixtio; b)· V 3919999993 8999993, 3. 8. 91113933133311,
⁸³³ Aegyptius. SV 933 9399393 9199999 99399 99 993 9939933399 393 zi 333
“ 93 99 9393 3999399333, 999 93999993 399 993 999 93 9393939993 339
33333993 3399999999 999939 93999939 3933933 9933, 3) 93 933 9993999933 ,
’· ' 91993 8393991993 339 ier, 3999 3. 8. Vn 3339933, 319139, V) 99933 999
³ 9393931993ιί9) 3999 h 9933313999, 3. V. 1999911113.
) 9 399 993993339· ιι 9999939 91399 9393 99999933 99333393 (f) VVVVs
9999939 9939399 3999 3333 99 39993399 993139 919 ι3 993 9939933393
''th ’399933 993 99999933 33 ’3399339 33 93933 993 99993993 999939 99
9939 993 993993399933, 3, 3339399993 33 9993, 3. V. anng,
393999, 3939319, ιιι 9999 9999 3999 993999 ιι 999 993, 3313333191,
’933313Ιζ

13) X 999 999 3933933 99999999 9393939993 993399393993339 (9. 3. V. 19),
,, ’ 99 93993 ’993 9339 ιιι ιι, 3333 39399 39 3333993 339 339 339393
83993993, 993999 999 399 3 93993933, 3333399939 339 gs 9939933933.

, -11)Ζ, 339 9933393993339, 39939 993939999 9393939 9339399933 89993
33, 9939993 993939 99 333 93 3393999933 99999993 339 3939393 399 aas
9993 9333933 3399999933 993333, 3. VB. 33339333 9393393 9339999
99 3393 ds, 9933 393 sd, 399 9339999 9933939999 933 ι, 3ιιιι 999999 339
9999 399 393 9339939 3.

ιιι. 33333 33 3933333393. 9333933.-

14 993 893393 33993993 ιι 33933 339 33399999, 9999 393
9393 339 8999399333 (9139999131) ) 9399933 939 99999
993993 339 399399 3999393331 8933933 39 993339 93393 9399399333
9939 &ie 3339339 Vet'V 93 Ver 9939999393 3393939. 8399399393
9933933 3939 ιιι 9393939933 933399 99999 339 993 899393 ι 3393
3399339999339933 ι 9933 3 339 ιι. Vs 33993933 339 99393 89999

1) 993 ιιι 9 93939933 93 93939399933 99939993 Vnt:
9933333933 89999 99339.
11¹¹· ae(= 1),93(εοι 91,)3ιι,.
389 93139, moenia, aurum.
Ι,999 ιι 33993 93 Vct 999393 3399 3993399399, 999 3999
93199333ι399999999333.8ιί911113,33313999,333113ῑί3, 3199993,
9399 93911193. V· ιι. 9939 39339993 Vaut 999 ae 33991 9939

1) mie 3399 99393993 99 ιιι 9339399993 9393 9399399399. 9999 99 99993933ῐί939
ZVVVVVVVVVVV 9ιὲ ..3999ῆί3 9939399 93393 9333393931993933, 3939993393 99933

 

