484 34644444 44444. 4444444444. 14444441.

44444444 14644441.
4544 4444144444.

244 1444444 4444444 4464444 414444 aad> 4. Ἰ448 644 69 4444 44444444
644 44444444, 616 4644464444444 4444444444, 444 4444444444 4444444444,
1441444 4444 4444444444 646 44444446, 4444444464 444 44446446-
mm· A. 4444 44444444.

· 1)4644 44444446 444444 ιιι 4444444444 gu 44444 414446 4414444444 vet:
44444 444 64444444144444 48444444 664 46444 4444 644 414444 4444144444 444 466
&erbum 44446 &tamem 4444414144445441, satis doetus 6664444444 464·
44444414 444 &a 6.144444 502, 4 ·

4) 84444 4444464444 4441) 4444 444 44464444 4444446 4444 4464444 4444

’ (4· 4· 44, 4.),444416444444144, 44414444 44444466 44444 464 44464 4441444444 464444.

6) &ie 1464 44444441) 4444444446 ’4444444444 666 44464664664, 1444 &ab

4464444444,1444444444ιι 644 4644444444 4444 444 Ι4444646464, 4444 4444444441·

466 644 3644444644· ιιι 4444441464 6114 644 9444444446 4444 4664464466
6446, 444444ιί444 1414446444 444 444 3641 444 44444444144446. . , . ,

4) 4444 6 4464444444 4 44 444416 6644 bestimmten (46466 444 4466444444 44446

444444 4644444444 444 46444 nod) 444 416466444444444 46444444, 444416 1444 4 4

4644) 444444 4444444444 44441444 1). <

1 4144644416, 641444 644 ῢ444446ιι44644,41416444644 4644644464 ’
4446 4444466446.

245 )444644144446444464464444444444

a) 44144 444 4444464464444444 4444 44464644464444446.

«D. 4. 444 644 44464444 444 44444444 4464 4444446, 44. 4444 444 444446
64444 444 4441444 664 444444644414464444 9444144444 44644446 44444
multum, paulum, nimium, primum 461·.; 4. 4 242, &amq facile,
recens (64414) 44466646461466, 4444164ςί66, prius), bifariam, mul·
tifariam, partim (4444646446 464 pars) 2), 646664. 6444444441 4464 444

’ 4446464, 4444 foras, 14446444 (4644 444444644444644144444414444 44. 14-
res) 4), 41444 4). 3444444144 444444 4444. aud) 44446446446144446,

ι) 64444444· 44441444 44444 4464444 44 444 144444 644 444 4444641464414. 44441.) ιιι 444
444444 1414 44144446, 44 4444444 444 4441) ιιι 1444444444 4144444444 446 3646444464644446 ateio
βὶεΐϊῗὲἒῑζῖιαῗδίἕα Partime 64166444 adtumuuml mexpu gnan andum mittit, 4641446 ipso adu·
cem 444146 644. 6616 4446) 44144 46 and> 4444 4444 4444414646 4444661444 4444444644

ἓοίθιιῗέρῖιίιιιι Jusmd1s1m,tutad 6446646666666166646441666644614466163616661611463661.

6) 4466) 4. 44664 ἰιιι 4444411. 44. ιι, 6. 166.
1) 4446) 4444644444 46464444 6664 4444114 444 4444. 4144. 444644. 644 4444444616 444 meis
4444 9444466466 444 64464446444444461144446, 1644 mults gemere, 4ιί6446 ululare, 446466 sulm

> ιιιιι 14 6444 444 444. 6144. 1444444 444 444446 416 444 44644446 6444, 4444 14144 naue, ιι-
doetum 464646. 6. 4. 404, 4444441. 2.

 

