’ 301 11999119 99911. 99911999. 11999911.

9199 9999991999 19999 9999, 999199, 19 99 (999 991199 919 9999199999
. 9999999919 911991999999999999, 19 1899199999 999 91999 911 91199991 99999999
1919 99 (9191999999 999 9999 9191, 999 9199911 1999999 919 9199111991191991
. 991 11199191 (.999 99999999 191. 11199 99191 9 9 991 9999· 99 999911 99919199
91199 9999991999999999 999 999 9191119191999 11999999111999 199
9999991199 999919 99999999919999119199(1999.119 191 9119919 §Burs
’991999 999-9 (9.9.11191).)999(999919919, 999999919119 999991
999 1199999999 reio. 19 999 9919919199 rom, 9991199919 999 11399 99999
(19) 991919 9 9 919 99911199 11191991· 99 999 9919919999 ΓΝο-, 999 (99991
919 999 9919 999 99 99999911919999919199,(19119119 Bacch.» 99 9911
1119999919, 19911999999199, cognomen. 91999199999191111111199111191
pot· 9999 999 91, 919 99 999 19 999991999999110 9911119991 mna)
99911, 911991999999919119 999 99 999999991919199199(9910911.) 999
191199 111) ’ ·

1) 1191 999 91991 9991119199 9999 9911111111 ’999 91991999
999999 99 919 10199991 99911991, 9. 111 919 -9, -is, -19 oet. ,duxss
1919-19 ὲ,(999(9191 919 11199991 1991199 9119999 9199999991 Ques·
191, 19999 &t 1999 19 (1199999 99 999 199999 99999199 mea
1199019911 991 111199191- 999919991, 99199 91999 99· 1199999 999991.

(9.9 85,11.1.))991·9999191Ι1199991 (9199119 19999 1111199919 999
91999 991911919999999 9111199, 99919999 9911 999 9191999191
9191999991, 199 1919991999’11199991999 919999 99 9919999199.-

»119919 1. 119191991999 9999991 9199191 991 999 999999 (Stant
99110999· (99999919 99999. 9991119 &tantm 9999 119999 191999
999, in 99919999 9999999 regium) 2), 19 99119999 999· (91991 9111119991 999
9919999199 1191. .

1) 39 9999911 99199999 919 9999991199 1119991 9999 99 09911111 991 1999999991,
9111991 9919 19 999919 1999119999 1191199 999 7919191999 999 9919919999 6991119 9919

9199919111, 9919 9919919199 999199999999199, 191999919911199 κάπετος

99999 9199991999 σκάπτω (91999199 999991. p. 111), 9991991 9191199999- 911 ab·
9119199999 99119919. (1919991, S. 111.) 119999999019999999 199’119919911991999
9191999999919911999119 9999999919 9999999 999919, 999 99999111 911 1119919199

11911 9911919919ῆο 991919 19919 (9191199 999 91911991991999 999 1.911919-,

39 ιι-9 991919 99 999 119991 11991 9999119119 g, (9 9919 1999 -scor, 9991999 geno ‚ 91991
(rm, 9999, 999) 999 0999911191.- 1999 9199111 991 1-99 111 11191111 po· 19 999
1999 19 99919999. sie 1991199 9999 19 99 9999919999 9991,9999999919’9ι»
991919.- 1091 0919919 9919199 99919999 (999 919, 191999 9999991999 99 9999,- 991 919
1999919999 99 9919111919 19999119 999 1911191999 1999119 9191 9999 9199199999 999· 911
999 1919191999 1999999919 6919999 999119 19 1919 199 99 919 919 1191999· 99191
999 (11991991 9999 9991999199 0199199 9999 1199199199 99199991 9999199999 19
99999999199999999 99 99999911999119919 99 9199999991 9911 11999919 19
199 9919911999 11191991 9111991999999 991 (9991999999 99919 91719 19911999, 999

99919999 9999199999111919119991199991,919991,9999991199991999919999199119999
99191 1911199191 191911999- ·

· ·’·’11 991 99 1199199119 9999999991199119 19199 199999 91919991, ’9999919 9191
911999 1999919919 9919991 9 9. 9. 177.

 

