XXXIV ι

7777 2122 6222222221222222 222
111221 21222 2212222212.
’212222 2212112222 222 222. 222
1112222222 222 sumtio 11211. λ
777. 3. 2122222222 222 posse 212-
12222222222212222122,
222522, 4. 322. 221 2222222212 11211
2
22225. 22222222122222122122
-, mun 717 111221 122 23222222 2 7777
26128266Μ2566 [612ῆὲ2 2222. ¹ 222
2222222222 2212212222 2221212 222
11222222 ....... 2. 641
2222221. 22222222222122112222222,
, 22222, 8. 22222222 22,2212 2122222
222222 222 2222112 1121122. dandi
. , 7777 2122222222 222222222222)
21222.16.8122212222222211222.
822222, 2222 2322 1222222222 221
21222 2322222122222. .2 642

12222, 1222, 1121222222. Si 222
o 17 221· 22222 26222222.

52221) 223 S1ves1ve 2222222124

222Β 222Ῐ2Μ1222222 2. 2621616

71. Β112222. , .
..2 644

177777 etsi, etiamsi, tametsi.
222221- 3'. 22222 2222222, 2222)
etiamsi. 817 etiamsi. 21122223
222 2222122 7777.
3)112122) quamquam, quamvis, quan-
tumvis ..... ’. 2. 645
22222. 1. (1122122222 222 07. 2111-
222 7117 222 21122222 221 qumquam.
22222.. 22122 7177 quisq quis 222
22222.. Quum 2222 2222222222
22222 2222222222. Conj.; 22121, 21-
22222222,1221.

13212).ιι V. 7777 22 222122 21212

7777 2221. 2322212 2222212222. 112
2222212122 222 222 222212 reeta §z 646
222221, 2122122222 2222 212222
22222122 2222 {7117777771' 22 07. obl.

, 22222. 2 132 212222 2122122222 222

. 1122222122, 212 222 bitetten 21222
’ ¹ 2265216611212222, 2222222 212 07
211. 222121.
22222. 4, 6212212222 2122222222 222
. 07. 22212 222 211. 711 21222222.
1 1. 2112221 771-71¹. obliqua.
7777 777 2 2222212222 2222222
221 Ε622 m 22. 211.. Accu's. 2. 121
1177 (777711111717. , , . 7. 647
22222, 1. 2222222 22 07. 211 122

2222122222,

ι 22 2222 77x 2222. ·

2122222 2212222222 222122 2121.
221222 22212212222,2222221 221
222 2121212222 22222

wa7lmffffl.mm
Pass.71177.7777.. ..§ 648

2 ν 8222222. 22222 77777717177711 222

771177777777117119 222 11221 11. ,22222ιρ
7777 2 77 3. 2222221222 1222622· 7771
21222121 ...... 2. 650
122221, 212122222212222222222222.
22222 2222 222 2121212222 111 22. 211.
2222122 2222121222. ‘
77777. Cure. A. 2. 121.
822221. 1222121. 1221222112
777717 1177 2222) 2222222222 2212
21222 ὓ22222222212222. ..2 611
l) 17 2212222222222222121222 22.
2222 21222. 222. =
777 ἴ16111232112222...
2122 2221222.
3)11221)212112212.
82222 2. 2122222122 777 222121,
2222)· 222ῧ322122212, 2.. 652
22222, 2222 2222221222 2222221222
«2222212, 222 07 017, 77 22222122·
21222222 61222 771 7777777771.⁴

11'. 22212222222121222222 12 222 or.
2121122212. ,

22222221, 112222222212222 222212
222222, 222 21222222222 22 222222
7777171( ()3222 222 222 2222222222
(2222) )1)22222 ..... 2. Δ663
77771-77777771717111177777772
222222 22222222 22222 17 222211
77777'1ps7 22 22 222 777771771773 -
12222221222211
22262212,

111. 2222222122 771 222 or. 0771.

7777 7 775 1122222222122222 2222
22222222221222222 2212.

22221222.
112 ’222 21122222 ,2 654
2212226222 222 . ..2615
22222. 22222222 22221212. 22222.
12 2122222 211222,
317777 711 22 22212
262222 777171123 717777767777277777'772171
12162 261612222222222122 122. 2. ,

’ 177.. ..652 656

7777 211222 2121222222 2222 222
2222, 221222 ....
22222. 7. 2222122222 22222222 222

62222. 2221. 222212 222 11122222.

 

