ο241 39991199 99911.- 1999111999. 1199199 1

91919.11999999999119999991919119999999919 ’9999991 9999199

. l 1999991999 9999991 Ι119991999 9999 999 3utm' 999 99999911 9199

999 1191991199 9.9(991 (19 199( 919 999 999 919 1119991 9999191991·

19119 9919919991 999 6999999999 9991999 99199119

(999919911919) 999919119999 119999 99 9991 999111

(199 9191999119 999 (1999999119991919) ’
999 9199 991999 9919991919 919 9999999999 9999 9999 9911999911
99911, 99 9991199 9999 9999 9999 (99911 9919991999 99999919.
j 2)1(1911999991991999 9999999999 19199 9999 999 99991919
, - (9991999 1191999199 im 99999119 6199919919 99999919( (1. 9. 215, 1, 1),
· 999 eumdum 999919 9999999 19 99991999( 919 999999 9·’,9.119.1
(19119111),·191199’, · 19119191,1911911111111“1,··
(pulcher), pulchre, pulchrius,- pulcherrime,
(1111111),11119,11111111,1111111119(999111111111119)

¹ (prudens), prudenter, prudentius, prudentissime,
(11111),19111111, levius, levissimE,

(11191111),11191111,119111111,ι facillime,
(91111111),111119919911111991111, audacissime.

119991. 9119999919119919999199991999191999(..2211)911119919)
919 (1999999999 999 99999919 9999 9911) 999 1199991199 99199199199919 “

(bonus) bene, melius, optime,
(malus) 11111111,9911199911111111,«ι
. (pareus) 1111191111111119 9999999999· 9919991911),
11111191,’ minime, ,
· . (mugnus)2) -· 11111911, “, maxime, Α p ,ἱ
(multus) 9191111111, plus, · plurimum.

1899999911)1191911191,119119111199111191, 1919111991111111119 999 (1919111199 ’
99191. 229. - ¹

11919. 2. 119199 999 {septuagesimus 999199199999119111999 999
9999991911 91919199199991( 99 9911) 9991991991

11191,119911191119911111119,
i diu, 1111111115), diutissime.

19999 1991999 9991) 919199 999 99999 9191 91999 991 991999 (1199991 9991
999999 191.

W

1) mod> 11191 1119 911 1999199919 9911) 9999111111 911 1999119 9911111111,1111111119119999.
((9999 919 9991999) 99191999 9. 999 1111911999).
2) 11911 magun 1 99911 991 91991919 999 11999191( (919 ussup 9119919199 111999) 19919
1119111111 111111991991111991· 99199999199191119999991919119. 9191999 199 11911119 91911)
1999191191 11199991 (1 i· 21919191· 19119 1111111 99991119 1119919 919 999 9911919 11111-
99999 111, 1011199999 pete (11911. 119111.)
1) 919 999 919919 11911999 didus.

 

