1111111. 1111 1111111. Ε1111. 1111111111. 191

21111. 2. §. 113, 4). Nat 1111111111 1111111111 1111111 Ε111111
11111. 1111111111111111111111 11111 1111, 11111 1111111111. ’
1111-11 N. 11111). 111111-11 N. 111111.
aer-is Ν.111. 11111111 N. 1111111.
1111-11 Ν. 1111. gem-is N.gen1“1s.
‡ 11111-11 N. 1111. 11111111 Ν. 1111111.

111111. 1. 111111 1 111111 1111111111111 1111111111, 111111 11, 111,
1111, 111, 11111, 11111 (11111 111111, 11111,1. u.) 1111 1111. -1111 1. 1.11.
(1111111 1²13 1. 11. onir-is, 11111. aad) 111111 e 111 11111111, 0111111111. 111111,
ceres. 11111111 111111111111111111111, 1111111111 1111111111 11111, 1111 11111 ,
11111111, 1111 111 1111111 11111 u. 1. ’

11111. 2. 1111111 11111111 1111111111 11111111111111111, 11111111
einis, 11111111, pulvis, vomis, 111 1111111111 1111111111111111111111111111111
1111111111 vomer, 11 111111111111111111 1111 111 11111. 111 Cato 11. R. 135
1111 11. 11111 111 ben 111111 1111111 fid) 1111 111113111111111 1111111
1111111 111111111111111, 1111 1111111 111 (11111111 1111111111111. Ε.
1111111111 11. 11. 1. 111.

11111. 3. 11111111 11111111111111111111,1111111111111111111111 ,
11111111111111111111, 1111111111111 111 Ε11111111 1111111 >
fallen 11111. 3111111111 1111111 111 1 11 s, 1111111 111 s 1111111111
1111111. 111 11111 1111 11111 1111 1111 1111 11 111111 1111111 1111 11111111
111 arborem. (1111111111 11. 11111 Ε. 312.) 111111111111111 11 1111111 111

1111111111 111111 11111111 1. u. 1. 111, 11. 81111 1. 211, d. ι

2. Ε1111111111 r.

11111111111111111111111111111 111111111111111111Ε11111111Δ 188
1111111111 111111 111 1 111 Ε1111111111111111111111,1111 11111- -11,
Ν. ausen guttfi- ris, N. guttum 1111111 111111 o 1111 im Nomina?
111 11111111 11111, 1111 11111- -11, Ν. 111111) 111111 11111 1111111111

gu 11111, 1111 somatis, Ν. 1111111 11111-11, Ν. 1111111 1111-11,Ι
. 11111.

111111. 1. 18111111111111111111111111111111111111111111 1111111111 ,
1111111 1111111111, 111111 11111, 1111111, lapsu, 1111111 11 11111111 1 11111
1111011111111111111111111,111111111111,11.611111111111111111111ς 1 -
11111111111111111111111111111111111,11111111111(Ε1111111.1.1.13>; 11111111
11111111111111111 111 1111111111 11. 11111111 Ε111111 111111111111111
111111111ῐί11 1111 1111.

1) 1111 1111111111 111 1111111111 1111 1111 1111111 1111111111. 6111111111. 111 11111·
1111111111)11111111111111111111-1111111111111111111. 1111111111 11111

2) 1111 1111111111 11111 111111 1111 e 1111111111 1111 1111111111 1111111111 11111111
Statum 1111111111. sethim 11-,111 11.111,111111111(111119ήρ,11ήρ,1111 ⁸9⁰⁹· 3111111111

111111 11111111 111 1111111111 1 11 11111111111111111111 111111 1111111111) 111111
11111118111111111111111111)

 

