166 .; ; 6666666 6666. 6666666666. 66666. lg

3666666 ,6666666
Q 6 6 66 6 6 6 6

666666666666666. “

159 6) 66 6666666666 666 66666 666 6. 66 66666666 6666666666
= 666 6666666666 6666666 6666666666 666 66·-66666666, 6666 666666
66 66 66666 666 6666666666 666 66 6666666666666666 666, 6666 666 6666666666 666
66666 6666666.
6) 666 6666 6666666 6666 6666666· 66- 6666666666 6666666666 66666,
96666666 666 (6 66 66 666 6666666 666 666 6666 66 666 6666666666 666·
666666 66666666 666 6666666666.
’ 3) 66 666 66666 666 666666, 666 66666 666666 666 Nomen 6666666666,
6666666 66 66666666 66666 666 66666, 666666 666 6666666666 66 66

66666 666666 6666666 666 6666666666 6666 666 6666666666 666 6666666,
666 66666 66 6 6666 666 6666666666 (6666666666.
ν 666 666 66666 666 6666666 6666666666 66666666 666666 6666666666
6666666 666 6666666 666 6666666666 (6666666666 66666666 666 66666
lidus 666 6666666666 (genus masculinum 666 femininum). 6666666 &inge
(66666) 66666 6666 6666666666 6666666666, 6666666 6666 666666 666 666666
66, 666 on 666 666 fid) 6666 generis neutrius ¹). ,
6 6) 66666 66666 666666 6 666666 6666 6666 666 6666666 66666666 6666666666 666
6666666 66666 666, 666 6666 66666 66666 666 6666666666 6666 66666666666666666
6666 [o 666 666 6666666666, fo 6666666666· 666 666 [6 66666 6666 666 666666
66666666 66 666666 6666666 666 6666666666666666666,6.6.1666666, Maso„
666 66666, haee arbor, 666, 666 66666.

6) 666 6 6666 666 666 66666666 66666 (6666666666 66666 [6666 666 666 6666666
6666 66666666, 66 66 66 666 666 6666 6666666666666666666 666 66666 666
666666666666 6666666666. 666666 6666 66 6666666, 6666666666, 666
6666666, 66666666. 666 66666 666 66666 66666666 66666 6666666666
666 6666666666 666666, 666666 666 66 6666666666.Ὶ 666 6666666 6666 6666666
66666 666 6666 666 6666 666 66666666666666666 6666666666 666666.

1. substantivum.

A. 6666666666 6666666666.

1. (6666666666 66666666 wesen 6666666666.
161 1) 6666 6666666666 6666666666 666 66666 666 6666666666 ’
6666666666 66666666 66666, 66. 6666666666 666 666666,

‹ 1) 66666 66666666666666 6666666666 666 6666666 66 6666666666 6666666666 666
666 6666666666 6666666666, 6616666 666 666 66666666 66666. 66 6666666 66666 6666 666
66666666 666 666 6666666666 66666666 genus neutrum 6 6. 6. 66666 66666666 666
6666666666 6666666666), 66 6666666666 66666 66666666 (66666666.

 

